<?xml version="1.0" encoding="utf-8"?>
<opencv_storage>
   <Y_DISTANCE_BETWEEN_GUN_AND_CAM>70.0</Y_DISTANCE_BETWEEN_GUN_AND_CAM>
   <Z_DISTANCE_BETWEEN_MUZZLE_AND_CAM>0.0</Z_DISTANCE_BETWEEN_MUZZLE_AND_CAM>
   <Camera_Matrix type_id="opencv-matrix">
      <rows>3</rows>
      <cols>3</cols>
      <dt>d</dt>
      <data>1042.9116791085400000 0.0000000000000000 333.2309704390250000 
 0.0000000000000000 1043.3631110602300000 247.8403715966180000 
 0.0000000000000000 0.0000000000000000 1.0000000000000000 
</data>
   </Camera_Matrix>
   <Distortion_Coefficients type_id="opencv-matrix">
      <rows>5</rows>
      <cols>1</cols>
      <dt>d</dt>
      <data>-0.09103393013131468 0.0842924782820523 0.0000000000000000 0.0000000000000000 0.0000000000000000 </data>
   </Distortion_Coefficients>
</opencv_storage>
